1 48000000 52000000 1
2 86000000 100500000 2
2 134500000 138000000 2
2 183000000 190000000 2
3 47500000 50000000 3
3 83500000 87000000 3
3 89000000 97500000 3
5 44500000 50500000 5
5 98000000 100500000 5
5 129000000 132000000 5
5 135500000 138500000 5
6 25000000 35000000 6
6 57000000 64000000 6
6 140000000 142500000 6
7 55000000 66000000 7
8 7000000 13000000 8
8 43000000 50000000 8
8 112000000 115000000 8
10 37000000 43000000 10
11 46000000 57000000 11
11 87500000 90500000 11
12 33000000 40000000 12
12 109500000 112000000 12
20 32000000 34500000 20
